1111111111111111111111111111
1200000000000110200000000001
1011110111110110111110111101
1011110111110110111110111101
1011110111110110111110111101
1P00000000000000000000000001
1011110110111111110112111101
1011110110111111110110111101
1000000110000110000110000001
1111110111110110111110111111
1111110111110110111110111111
1111110110000000000110111111
1111110110111000110110111111
1111110110130000310110111111
1111110000100000010000111111
1111110110130000310110111111
1111110110111111110110111111
1111110110000000000110111111
1111110110111111110110111111
1111110110111111110110111111
1000000000000110000000000001
1011110111110110111110111101
1011110111110110111110111101
1000110000000000000000110001
1110110110111111110110110111
1110110110111111110110110111
1000000110000110000110000001
1011111111110110111111111101
1011111111110110111111111101
1000000000000000000000000001
1111111111111111111111111111

